{
 "cells": [
  {
   "cell_type": "code",
   "execution_count": 1,
   "metadata": {},
   "outputs": [],
   "source": [
    "import pandas as pd\n",
    "import numpy as np\n",
    "import datetime as dt\n",
    "from datetime import datetime\n",
    "from datetime import date\n",
    "import matplotlib.pyplot as plt\n",
    "import re\n",
    "import requests\n",
    "pd.options.display.max_rows = 5000 \n",
    "import warnings\n",
    "warnings.filterwarnings('ignore')"
   ]
  },
  {
   "cell_type": "code",
   "execution_count": 2,
   "metadata": {},
   "outputs": [],
   "source": [
    "stocks = ['AHT', 'AV', 'BA', 'GSK', 'HSBA', 'JD', 'NG', 'RDSB', 'RIO', 'SPX', 'TSCO', 'TW', 'ULVR']"
   ]
  },
  {
   "cell_type": "code",
   "execution_count": 3,
   "metadata": {},
   "outputs": [],
   "source": [
    "def get_dates(lst, start_str, end_str):\n",
    "    data = pd.read_csv(r'/Users/paxton615/Desktop/Stock_Price_csv/tier_1_stocks/{}.csv'.format(lst[0]))\n",
    "    data = data.loc[(data['time']>=start_str)&(data['time']<end_str)]\n",
    "    date = [datetime.fromisoformat(i[:10]) for i in data['time']]\n",
    "    return(date)"
   ]
  },
  {
   "cell_type": "code",
   "execution_count": 4,
   "metadata": {},
   "outputs": [],
   "source": [
    "def get_prices(lst,start_str, end_str):   \n",
    "    new_list = []\n",
    "    for i in lst:\n",
    "        data = pd.read_csv(r'/Users/paxton615/Desktop/Stock_Price_csv/tier_1_stocks/{}.csv'.format(i)) # read data from csv 注意文件夹路径和文件名\n",
    "        df = data[['time','close']]                                          # get time and close price\n",
    "        df.columns = ['date', i]                                       # change column names\n",
    "        df.date = [datetime.fromisoformat(i[:10]) for i in df['date']]       # convert dates into datetime\n",
    "        df = df.loc[(df['date']>=start_str)&(df['date']<end_str)]    # make sure date start from 2016-01-01\n",
    "        df = df.reset_index(drop=True)\n",
    "        new_list.append(df[i])\n",
    "    return(new_list)"
   ]
  },
  {
   "cell_type": "code",
   "execution_count": 5,
   "metadata": {},
   "outputs": [],
   "source": [
    "date = get_dates(stocks,'2015-01-01','2020-01-01')\n",
    "prices = get_prices(stocks,'2015-01-01','2020-01-01')"
   ]
  },
  {
   "cell_type": "code",
   "execution_count": 6,
   "metadata": {},
   "outputs": [
    {
     "data": {
      "text/html": [
       "<div>\n",
       "<style scoped>\n",
       "    .dataframe tbody tr th:only-of-type {\n",
       "        vertical-align: middle;\n",
       "    }\n",
       "\n",
       "    .dataframe tbody tr th {\n",
       "        vertical-align: top;\n",
       "    }\n",
       "\n",
       "    .dataframe thead th {\n",
       "        text-align: right;\n",
       "    }\n",
       "</style>\n",
       "<table border=\"1\" class=\"dataframe\">\n",
       "  <thead>\n",
       "    <tr style=\"text-align: right;\">\n",
       "      <th></th>\n",
       "      <th>AHT</th>\n",
       "      <th>AV</th>\n",
       "      <th>BA</th>\n",
       "      <th>GSK</th>\n",
       "      <th>HSBA</th>\n",
       "      <th>JD</th>\n",
       "      <th>NG</th>\n",
       "      <th>RDSB</th>\n",
       "      <th>RIO</th>\n",
       "      <th>SPX</th>\n",
       "      <th>TSCO</th>\n",
       "      <th>TW</th>\n",
       "      <th>ULVR</th>\n",
       "    </tr>\n",
       "  </thead>\n",
       "  <tbody>\n",
       "    <tr>\n",
       "      <th>2015-01-02</th>\n",
       "      <td>1165.0</td>\n",
       "      <td>484.39999</td>\n",
       "      <td>469.20001</td>\n",
       "      <td>1383.0</td>\n",
       "      <td>612.00000</td>\n",
       "      <td>101.600000</td>\n",
       "      <td>908.29999</td>\n",
       "      <td>2235.5</td>\n",
       "      <td>2970.0</td>\n",
       "      <td>2848.0</td>\n",
       "      <td>188.00000</td>\n",
       "      <td>134.89999</td>\n",
       "      <td>2606.0</td>\n",
       "    </tr>\n",
       "    <tr>\n",
       "      <th>2015-01-05</th>\n",
       "      <td>1182.0</td>\n",
       "      <td>470.79999</td>\n",
       "      <td>462.00000</td>\n",
       "      <td>1369.5</td>\n",
       "      <td>603.90002</td>\n",
       "      <td>101.400000</td>\n",
       "      <td>909.70001</td>\n",
       "      <td>2128.5</td>\n",
       "      <td>2883.5</td>\n",
       "      <td>2832.0</td>\n",
       "      <td>181.60001</td>\n",
       "      <td>133.80000</td>\n",
       "      <td>2573.0</td>\n",
       "    </tr>\n",
       "    <tr>\n",
       "      <th>2015-01-06</th>\n",
       "      <td>1109.0</td>\n",
       "      <td>464.00000</td>\n",
       "      <td>456.70001</td>\n",
       "      <td>1357.0</td>\n",
       "      <td>593.70001</td>\n",
       "      <td>94.400000</td>\n",
       "      <td>896.79999</td>\n",
       "      <td>2121.0</td>\n",
       "      <td>2944.5</td>\n",
       "      <td>2784.0</td>\n",
       "      <td>178.80000</td>\n",
       "      <td>131.10001</td>\n",
       "      <td>2574.0</td>\n",
       "    </tr>\n",
       "    <tr>\n",
       "      <th>2015-01-07</th>\n",
       "      <td>1109.0</td>\n",
       "      <td>463.29999</td>\n",
       "      <td>462.70001</td>\n",
       "      <td>1379.0</td>\n",
       "      <td>601.00000</td>\n",
       "      <td>95.159998</td>\n",
       "      <td>917.50000</td>\n",
       "      <td>2148.5</td>\n",
       "      <td>2962.5</td>\n",
       "      <td>2800.0</td>\n",
       "      <td>182.00000</td>\n",
       "      <td>132.39999</td>\n",
       "      <td>2591.0</td>\n",
       "    </tr>\n",
       "    <tr>\n",
       "      <th>2015-01-08</th>\n",
       "      <td>1131.0</td>\n",
       "      <td>483.20001</td>\n",
       "      <td>468.89999</td>\n",
       "      <td>1427.5</td>\n",
       "      <td>606.20001</td>\n",
       "      <td>97.000000</td>\n",
       "      <td>932.40002</td>\n",
       "      <td>2200.0</td>\n",
       "      <td>3027.5</td>\n",
       "      <td>2849.0</td>\n",
       "      <td>209.25000</td>\n",
       "      <td>132.80000</td>\n",
       "      <td>2668.0</td>\n",
       "    </tr>\n",
       "  </tbody>\n",
       "</table>\n",
       "</div>"
      ],
      "text/plain": [
       "               AHT         AV         BA     GSK       HSBA          JD  \\\n",
       "2015-01-02  1165.0  484.39999  469.20001  1383.0  612.00000  101.600000   \n",
       "2015-01-05  1182.0  470.79999  462.00000  1369.5  603.90002  101.400000   \n",
       "2015-01-06  1109.0  464.00000  456.70001  1357.0  593.70001   94.400000   \n",
       "2015-01-07  1109.0  463.29999  462.70001  1379.0  601.00000   95.159998   \n",
       "2015-01-08  1131.0  483.20001  468.89999  1427.5  606.20001   97.000000   \n",
       "\n",
       "                   NG    RDSB     RIO     SPX       TSCO         TW    ULVR  \n",
       "2015-01-02  908.29999  2235.5  2970.0  2848.0  188.00000  134.89999  2606.0  \n",
       "2015-01-05  909.70001  2128.5  2883.5  2832.0  181.60001  133.80000  2573.0  \n",
       "2015-01-06  896.79999  2121.0  2944.5  2784.0  178.80000  131.10001  2574.0  \n",
       "2015-01-07  917.50000  2148.5  2962.5  2800.0  182.00000  132.39999  2591.0  \n",
       "2015-01-08  932.40002  2200.0  3027.5  2849.0  209.25000  132.80000  2668.0  "
      ]
     },
     "execution_count": 6,
     "metadata": {},
     "output_type": "execute_result"
    }
   ],
   "source": [
    "stock_prices = pd.DataFrame(np.array(prices).T, columns=stocks , index=np.array(date).T)\n",
    "stock_prices.head()"
   ]
  },
  {
   "cell_type": "markdown",
   "metadata": {},
   "source": [
    "#### Using df to facilitate following steps"
   ]
  },
  {
   "cell_type": "code",
   "execution_count": 7,
   "metadata": {},
   "outputs": [],
   "source": [
    "df = stock_prices"
   ]
  },
  {
   "cell_type": "code",
   "execution_count": 29,
   "metadata": {},
   "outputs": [
    {
     "data": {
      "text/html": [
       "<div>\n",
       "<style scoped>\n",
       "    .dataframe tbody tr th:only-of-type {\n",
       "        vertical-align: middle;\n",
       "    }\n",
       "\n",
       "    .dataframe tbody tr th {\n",
       "        vertical-align: top;\n",
       "    }\n",
       "\n",
       "    .dataframe thead th {\n",
       "        text-align: right;\n",
       "    }\n",
       "</style>\n",
       "<table border=\"1\" class=\"dataframe\">\n",
       "  <thead>\n",
       "    <tr style=\"text-align: right;\">\n",
       "      <th></th>\n",
       "      <th>AHT</th>\n",
       "      <th>AV</th>\n",
       "      <th>BA</th>\n",
       "      <th>GSK</th>\n",
       "      <th>HSBA</th>\n",
       "      <th>JD</th>\n",
       "      <th>NG</th>\n",
       "      <th>RDSB</th>\n",
       "      <th>RIO</th>\n",
       "      <th>SPX</th>\n",
       "      <th>TSCO</th>\n",
       "      <th>TW</th>\n",
       "      <th>ULVR</th>\n",
       "    </tr>\n",
       "  </thead>\n",
       "  <tbody>\n",
       "    <tr>\n",
       "      <th>AHT</th>\n",
       "      <td>0.000365</td>\n",
       "      <td>0.000125</td>\n",
       "      <td>0.000100</td>\n",
       "      <td>0.000065</td>\n",
       "      <td>0.000106</td>\n",
       "      <td>0.000090</td>\n",
       "      <td>0.000026</td>\n",
       "      <td>0.000107</td>\n",
       "      <td>0.000154</td>\n",
       "      <td>0.000121</td>\n",
       "      <td>0.000072</td>\n",
       "      <td>0.000120</td>\n",
       "      <td>0.000047</td>\n",
       "    </tr>\n",
       "    <tr>\n",
       "      <th>AV</th>\n",
       "      <td>0.000125</td>\n",
       "      <td>0.000228</td>\n",
       "      <td>0.000079</td>\n",
       "      <td>0.000045</td>\n",
       "      <td>0.000102</td>\n",
       "      <td>0.000104</td>\n",
       "      <td>0.000032</td>\n",
       "      <td>0.000084</td>\n",
       "      <td>0.000107</td>\n",
       "      <td>0.000080</td>\n",
       "      <td>0.000106</td>\n",
       "      <td>0.000175</td>\n",
       "      <td>0.000039</td>\n",
       "    </tr>\n",
       "  </tbody>\n",
       "</table>\n",
       "</div>"
      ],
      "text/plain": [
       "          AHT        AV        BA       GSK      HSBA        JD        NG  \\\n",
       "AHT  0.000365  0.000125  0.000100  0.000065  0.000106  0.000090  0.000026   \n",
       "AV   0.000125  0.000228  0.000079  0.000045  0.000102  0.000104  0.000032   \n",
       "\n",
       "         RDSB       RIO       SPX      TSCO        TW      ULVR  \n",
       "AHT  0.000107  0.000154  0.000121  0.000072  0.000120  0.000047  \n",
       "AV   0.000084  0.000107  0.000080  0.000106  0.000175  0.000039  "
      ]
     },
     "execution_count": 29,
     "metadata": {},
     "output_type": "execute_result"
    }
   ],
   "source": [
    "# Log of percentage change, methods: .pct_change()  and  np.log(1+x)\n",
    "# covariance : .cov()\n",
    "# 但cov对彼此间的强弱关系度量magnitude不是很直观 \n",
    "cov_matrix = df.pct_change().apply(lambda x: np.log(1+x)).cov()\n",
    "cov_matrix.head(2)"
   ]
  },
  {
   "cell_type": "code",
   "execution_count": 8,
   "metadata": {},
   "outputs": [
    {
     "data": {
      "text/html": [
       "<div>\n",
       "<style scoped>\n",
       "    .dataframe tbody tr th:only-of-type {\n",
       "        vertical-align: middle;\n",
       "    }\n",
       "\n",
       "    .dataframe tbody tr th {\n",
       "        vertical-align: top;\n",
       "    }\n",
       "\n",
       "    .dataframe thead th {\n",
       "        text-align: right;\n",
       "    }\n",
       "</style>\n",
       "<table border=\"1\" class=\"dataframe\">\n",
       "  <thead>\n",
       "    <tr style=\"text-align: right;\">\n",
       "      <th></th>\n",
       "      <th>AHT</th>\n",
       "      <th>AV</th>\n",
       "      <th>BA</th>\n",
       "      <th>GSK</th>\n",
       "      <th>HSBA</th>\n",
       "      <th>JD</th>\n",
       "      <th>NG</th>\n",
       "      <th>RDSB</th>\n",
       "      <th>RIO</th>\n",
       "      <th>SPX</th>\n",
       "      <th>TSCO</th>\n",
       "      <th>TW</th>\n",
       "      <th>ULVR</th>\n",
       "    </tr>\n",
       "  </thead>\n",
       "  <tbody>\n",
       "    <tr>\n",
       "      <th>AHT</th>\n",
       "      <td>1.000000</td>\n",
       "      <td>0.434803</td>\n",
       "      <td>0.417014</td>\n",
       "      <td>0.290717</td>\n",
       "      <td>0.436607</td>\n",
       "      <td>0.244262</td>\n",
       "      <td>0.118947</td>\n",
       "      <td>0.367530</td>\n",
       "      <td>0.404094</td>\n",
       "      <td>0.463824</td>\n",
       "      <td>0.215066</td>\n",
       "      <td>0.294437</td>\n",
       "      <td>0.199265</td>\n",
       "    </tr>\n",
       "    <tr>\n",
       "      <th>AV</th>\n",
       "      <td>0.434803</td>\n",
       "      <td>1.000000</td>\n",
       "      <td>0.417631</td>\n",
       "      <td>0.254827</td>\n",
       "      <td>0.532805</td>\n",
       "      <td>0.356912</td>\n",
       "      <td>0.182602</td>\n",
       "      <td>0.366520</td>\n",
       "      <td>0.356894</td>\n",
       "      <td>0.386856</td>\n",
       "      <td>0.398520</td>\n",
       "      <td>0.543614</td>\n",
       "      <td>0.210840</td>\n",
       "    </tr>\n",
       "    <tr>\n",
       "      <th>BA</th>\n",
       "      <td>0.417014</td>\n",
       "      <td>0.417631</td>\n",
       "      <td>1.000000</td>\n",
       "      <td>0.342460</td>\n",
       "      <td>0.414851</td>\n",
       "      <td>0.268178</td>\n",
       "      <td>0.236787</td>\n",
       "      <td>0.318709</td>\n",
       "      <td>0.261586</td>\n",
       "      <td>0.397079</td>\n",
       "      <td>0.254599</td>\n",
       "      <td>0.279482</td>\n",
       "      <td>0.278481</td>\n",
       "    </tr>\n",
       "    <tr>\n",
       "      <th>GSK</th>\n",
       "      <td>0.290717</td>\n",
       "      <td>0.254827</td>\n",
       "      <td>0.342460</td>\n",
       "      <td>1.000000</td>\n",
       "      <td>0.403616</td>\n",
       "      <td>0.110220</td>\n",
       "      <td>0.404499</td>\n",
       "      <td>0.414190</td>\n",
       "      <td>0.248392</td>\n",
       "      <td>0.268376</td>\n",
       "      <td>0.212822</td>\n",
       "      <td>0.088955</td>\n",
       "      <td>0.493697</td>\n",
       "    </tr>\n",
       "    <tr>\n",
       "      <th>HSBA</th>\n",
       "      <td>0.436607</td>\n",
       "      <td>0.532805</td>\n",
       "      <td>0.414851</td>\n",
       "      <td>0.403616</td>\n",
       "      <td>1.000000</td>\n",
       "      <td>0.181023</td>\n",
       "      <td>0.225660</td>\n",
       "      <td>0.490728</td>\n",
       "      <td>0.461333</td>\n",
       "      <td>0.364301</td>\n",
       "      <td>0.291741</td>\n",
       "      <td>0.245846</td>\n",
       "      <td>0.315599</td>\n",
       "    </tr>\n",
       "    <tr>\n",
       "      <th>JD</th>\n",
       "      <td>0.244262</td>\n",
       "      <td>0.356912</td>\n",
       "      <td>0.268178</td>\n",
       "      <td>0.110220</td>\n",
       "      <td>0.181023</td>\n",
       "      <td>1.000000</td>\n",
       "      <td>0.149149</td>\n",
       "      <td>0.138287</td>\n",
       "      <td>0.084630</td>\n",
       "      <td>0.224655</td>\n",
       "      <td>0.216110</td>\n",
       "      <td>0.422770</td>\n",
       "      <td>0.132653</td>\n",
       "    </tr>\n",
       "    <tr>\n",
       "      <th>NG</th>\n",
       "      <td>0.118947</td>\n",
       "      <td>0.182602</td>\n",
       "      <td>0.236787</td>\n",
       "      <td>0.404499</td>\n",
       "      <td>0.225660</td>\n",
       "      <td>0.149149</td>\n",
       "      <td>1.000000</td>\n",
       "      <td>0.267643</td>\n",
       "      <td>0.100540</td>\n",
       "      <td>0.169696</td>\n",
       "      <td>0.164966</td>\n",
       "      <td>0.180382</td>\n",
       "      <td>0.442108</td>\n",
       "    </tr>\n",
       "    <tr>\n",
       "      <th>RDSB</th>\n",
       "      <td>0.367530</td>\n",
       "      <td>0.366520</td>\n",
       "      <td>0.318709</td>\n",
       "      <td>0.414190</td>\n",
       "      <td>0.490728</td>\n",
       "      <td>0.138287</td>\n",
       "      <td>0.267643</td>\n",
       "      <td>1.000000</td>\n",
       "      <td>0.533041</td>\n",
       "      <td>0.315437</td>\n",
       "      <td>0.290133</td>\n",
       "      <td>0.095333</td>\n",
       "      <td>0.306044</td>\n",
       "    </tr>\n",
       "    <tr>\n",
       "      <th>RIO</th>\n",
       "      <td>0.404094</td>\n",
       "      <td>0.356894</td>\n",
       "      <td>0.261586</td>\n",
       "      <td>0.248392</td>\n",
       "      <td>0.461333</td>\n",
       "      <td>0.084630</td>\n",
       "      <td>0.100540</td>\n",
       "      <td>0.533041</td>\n",
       "      <td>1.000000</td>\n",
       "      <td>0.297212</td>\n",
       "      <td>0.269905</td>\n",
       "      <td>0.135020</td>\n",
       "      <td>0.146363</td>\n",
       "    </tr>\n",
       "    <tr>\n",
       "      <th>SPX</th>\n",
       "      <td>0.463824</td>\n",
       "      <td>0.386856</td>\n",
       "      <td>0.397079</td>\n",
       "      <td>0.268376</td>\n",
       "      <td>0.364301</td>\n",
       "      <td>0.224655</td>\n",
       "      <td>0.169696</td>\n",
       "      <td>0.315437</td>\n",
       "      <td>0.297212</td>\n",
       "      <td>1.000000</td>\n",
       "      <td>0.233928</td>\n",
       "      <td>0.230442</td>\n",
       "      <td>0.304028</td>\n",
       "    </tr>\n",
       "    <tr>\n",
       "      <th>TSCO</th>\n",
       "      <td>0.215066</td>\n",
       "      <td>0.398520</td>\n",
       "      <td>0.254599</td>\n",
       "      <td>0.212822</td>\n",
       "      <td>0.291741</td>\n",
       "      <td>0.216110</td>\n",
       "      <td>0.164966</td>\n",
       "      <td>0.290133</td>\n",
       "      <td>0.269905</td>\n",
       "      <td>0.233928</td>\n",
       "      <td>1.000000</td>\n",
       "      <td>0.296646</td>\n",
       "      <td>0.202394</td>\n",
       "    </tr>\n",
       "    <tr>\n",
       "      <th>TW</th>\n",
       "      <td>0.294437</td>\n",
       "      <td>0.543614</td>\n",
       "      <td>0.279482</td>\n",
       "      <td>0.088955</td>\n",
       "      <td>0.245846</td>\n",
       "      <td>0.422770</td>\n",
       "      <td>0.180382</td>\n",
       "      <td>0.095333</td>\n",
       "      <td>0.135020</td>\n",
       "      <td>0.230442</td>\n",
       "      <td>0.296646</td>\n",
       "      <td>1.000000</td>\n",
       "      <td>0.102958</td>\n",
       "    </tr>\n",
       "    <tr>\n",
       "      <th>ULVR</th>\n",
       "      <td>0.199265</td>\n",
       "      <td>0.210840</td>\n",
       "      <td>0.278481</td>\n",
       "      <td>0.493697</td>\n",
       "      <td>0.315599</td>\n",
       "      <td>0.132653</td>\n",
       "      <td>0.442108</td>\n",
       "      <td>0.306044</td>\n",
       "      <td>0.146363</td>\n",
       "      <td>0.304028</td>\n",
       "      <td>0.202394</td>\n",
       "      <td>0.102958</td>\n",
       "      <td>1.000000</td>\n",
       "    </tr>\n",
       "  </tbody>\n",
       "</table>\n",
       "</div>"
      ],
      "text/plain": [
       "           AHT        AV        BA       GSK      HSBA        JD        NG  \\\n",
       "AHT   1.000000  0.434803  0.417014  0.290717  0.436607  0.244262  0.118947   \n",
       "AV    0.434803  1.000000  0.417631  0.254827  0.532805  0.356912  0.182602   \n",
       "BA    0.417014  0.417631  1.000000  0.342460  0.414851  0.268178  0.236787   \n",
       "GSK   0.290717  0.254827  0.342460  1.000000  0.403616  0.110220  0.404499   \n",
       "HSBA  0.436607  0.532805  0.414851  0.403616  1.000000  0.181023  0.225660   \n",
       "JD    0.244262  0.356912  0.268178  0.110220  0.181023  1.000000  0.149149   \n",
       "NG    0.118947  0.182602  0.236787  0.404499  0.225660  0.149149  1.000000   \n",
       "RDSB  0.367530  0.366520  0.318709  0.414190  0.490728  0.138287  0.267643   \n",
       "RIO   0.404094  0.356894  0.261586  0.248392  0.461333  0.084630  0.100540   \n",
       "SPX   0.463824  0.386856  0.397079  0.268376  0.364301  0.224655  0.169696   \n",
       "TSCO  0.215066  0.398520  0.254599  0.212822  0.291741  0.216110  0.164966   \n",
       "TW    0.294437  0.543614  0.279482  0.088955  0.245846  0.422770  0.180382   \n",
       "ULVR  0.199265  0.210840  0.278481  0.493697  0.315599  0.132653  0.442108   \n",
       "\n",
       "          RDSB       RIO       SPX      TSCO        TW      ULVR  \n",
       "AHT   0.367530  0.404094  0.463824  0.215066  0.294437  0.199265  \n",
       "AV    0.366520  0.356894  0.386856  0.398520  0.543614  0.210840  \n",
       "BA    0.318709  0.261586  0.397079  0.254599  0.279482  0.278481  \n",
       "GSK   0.414190  0.248392  0.268376  0.212822  0.088955  0.493697  \n",
       "HSBA  0.490728  0.461333  0.364301  0.291741  0.245846  0.315599  \n",
       "JD    0.138287  0.084630  0.224655  0.216110  0.422770  0.132653  \n",
       "NG    0.267643  0.100540  0.169696  0.164966  0.180382  0.442108  \n",
       "RDSB  1.000000  0.533041  0.315437  0.290133  0.095333  0.306044  \n",
       "RIO   0.533041  1.000000  0.297212  0.269905  0.135020  0.146363  \n",
       "SPX   0.315437  0.297212  1.000000  0.233928  0.230442  0.304028  \n",
       "TSCO  0.290133  0.269905  0.233928  1.000000  0.296646  0.202394  \n",
       "TW    0.095333  0.135020  0.230442  0.296646  1.000000  0.102958  \n",
       "ULVR  0.306044  0.146363  0.304028  0.202394  0.102958  1.000000  "
      ]
     },
     "execution_count": 8,
     "metadata": {},
     "output_type": "execute_result"
    }
   ],
   "source": [
    "# .corr() directly check the correlations among stocks\n",
    "corr_matrix = df.pct_change().apply(lambda x: np.log(1+x)).corr()\n",
    "corr_matrix"
   ]
  },
  {
   "cell_type": "markdown",
   "metadata": {},
   "source": [
    "#### calculate portfolio variance"
   ]
  },
  {
   "cell_type": "code",
   "execution_count": 23,
   "metadata": {},
   "outputs": [],
   "source": [
    "weights = np.full(shape=len(df), fill_value=1/len(df), dtype=np.float)\n",
    "colnames = df.columns\n",
    "\n",
    "print(weights,colnames)"
   ]
  },
  {
   "cell_type": "code",
   "execution_count": 27,
   "metadata": {},
   "outputs": [],
   "source": [
    "port_weights = dict(zip(colnames,weights))\n",
    "\n",
    "port_var = cov_matrix.mul(port_weights, axis=0).mul(port_weights, axis=1).sum().sum()\n",
    "\n",
    "port_var # it's a very low variance"
   ]
  },
  {
   "cell_type": "markdown",
   "metadata": {},
   "source": [
    "#### calculate portfolio returns"
   ]
  },
  {
   "cell_type": "code",
   "execution_count": 33,
   "metadata": {},
   "outputs": [
    {
     "data": {
      "text/plain": [
       "AHT     0.242293\n",
       "AV     -0.039908\n",
       "BA      0.046008\n",
       "GSK     0.076222\n",
       "HSBA    0.037765\n",
       "JD      0.505686\n",
       "NG      0.010898\n",
       "RDSB    0.120278\n",
       "RIO     0.249281\n",
       "SPX     0.288164\n",
       "TSCO    0.161537\n",
       "TW      0.044997\n",
       "ULVR    0.108211\n",
       "dtype: float64"
      ]
     },
     "execution_count": 33,
     "metadata": {},
     "output_type": "execute_result"
    }
   ],
   "source": [
    "yr_return = df.resample('Y').last().pct_change().mean()\n",
    "yr_return"
   ]
  },
  {
   "cell_type": "code",
   "execution_count": 39,
   "metadata": {},
   "outputs": [
    {
     "data": {
      "text/html": [
       "<div>\n",
       "<style scoped>\n",
       "    .dataframe tbody tr th:only-of-type {\n",
       "        vertical-align: middle;\n",
       "    }\n",
       "\n",
       "    .dataframe tbody tr th {\n",
       "        vertical-align: top;\n",
       "    }\n",
       "\n",
       "    .dataframe thead th {\n",
       "        text-align: right;\n",
       "    }\n",
       "</style>\n",
       "<table border=\"1\" class=\"dataframe\">\n",
       "  <thead>\n",
       "    <tr style=\"text-align: right;\">\n",
       "      <th></th>\n",
       "      <th>AHT</th>\n",
       "      <th>AV</th>\n",
       "      <th>BA</th>\n",
       "      <th>GSK</th>\n",
       "      <th>HSBA</th>\n",
       "      <th>JD</th>\n",
       "      <th>NG</th>\n",
       "      <th>RDSB</th>\n",
       "      <th>RIO</th>\n",
       "      <th>SPX</th>\n",
       "      <th>TSCO</th>\n",
       "      <th>TW</th>\n",
       "      <th>ULVR</th>\n",
       "    </tr>\n",
       "  </thead>\n",
       "  <tbody>\n",
       "    <tr>\n",
       "      <th>2015-12-31</th>\n",
       "      <td>NaN</td>\n",
       "      <td>NaN</td>\n",
       "      <td>NaN</td>\n",
       "      <td>NaN</td>\n",
       "      <td>NaN</td>\n",
       "      <td>NaN</td>\n",
       "      <td>NaN</td>\n",
       "      <td>NaN</td>\n",
       "      <td>NaN</td>\n",
       "      <td>NaN</td>\n",
       "      <td>NaN</td>\n",
       "      <td>NaN</td>\n",
       "      <td>NaN</td>\n",
       "    </tr>\n",
       "    <tr>\n",
       "      <th>2016-12-31</th>\n",
       "      <td>0.411975</td>\n",
       "      <td>-0.057364</td>\n",
       "      <td>0.183947</td>\n",
       "      <td>0.137655</td>\n",
       "      <td>0.225103</td>\n",
       "      <td>0.526897</td>\n",
       "      <td>0.015040</td>\n",
       "      <td>0.525599</td>\n",
       "      <td>0.595605</td>\n",
       "      <td>0.274444</td>\n",
       "      <td>0.383612</td>\n",
       "      <td>-0.244215</td>\n",
       "      <td>0.125064</td>\n",
       "    </tr>\n",
       "    <tr>\n",
       "      <th>2017-12-31</th>\n",
       "      <td>0.260759</td>\n",
       "      <td>0.041324</td>\n",
       "      <td>-0.031276</td>\n",
       "      <td>-0.153329</td>\n",
       "      <td>0.167453</td>\n",
       "      <td>0.057565</td>\n",
       "      <td>-0.080391</td>\n",
       "      <td>0.065633</td>\n",
       "      <td>0.248061</td>\n",
       "      <td>0.343212</td>\n",
       "      <td>0.011603</td>\n",
       "      <td>0.344625</td>\n",
       "      <td>0.252999</td>\n",
       "    </tr>\n",
       "    <tr>\n",
       "      <th>2018-12-31</th>\n",
       "      <td>-0.178213</td>\n",
       "      <td>-0.258638</td>\n",
       "      <td>-0.198604</td>\n",
       "      <td>0.127561</td>\n",
       "      <td>-0.156474</td>\n",
       "      <td>0.037478</td>\n",
       "      <td>-0.126728</td>\n",
       "      <td>-0.067172</td>\n",
       "      <td>-0.053780</td>\n",
       "      <td>0.110320</td>\n",
       "      <td>-0.091517</td>\n",
       "      <td>-0.339874</td>\n",
       "      <td>-0.004121</td>\n",
       "    </tr>\n",
       "    <tr>\n",
       "      <th>2019-12-31</th>\n",
       "      <td>0.474649</td>\n",
       "      <td>0.115047</td>\n",
       "      <td>0.229965</td>\n",
       "      <td>0.192999</td>\n",
       "      <td>-0.085021</td>\n",
       "      <td>1.400803</td>\n",
       "      <td>0.235671</td>\n",
       "      <td>-0.042949</td>\n",
       "      <td>0.207239</td>\n",
       "      <td>0.424679</td>\n",
       "      <td>0.342451</td>\n",
       "      <td>0.419449</td>\n",
       "      <td>0.058902</td>\n",
       "    </tr>\n",
       "  </tbody>\n",
       "</table>\n",
       "</div>"
      ],
      "text/plain": [
       "                 AHT        AV        BA       GSK      HSBA        JD  \\\n",
       "2015-12-31       NaN       NaN       NaN       NaN       NaN       NaN   \n",
       "2016-12-31  0.411975 -0.057364  0.183947  0.137655  0.225103  0.526897   \n",
       "2017-12-31  0.260759  0.041324 -0.031276 -0.153329  0.167453  0.057565   \n",
       "2018-12-31 -0.178213 -0.258638 -0.198604  0.127561 -0.156474  0.037478   \n",
       "2019-12-31  0.474649  0.115047  0.229965  0.192999 -0.085021  1.400803   \n",
       "\n",
       "                  NG      RDSB       RIO       SPX      TSCO        TW  \\\n",
       "2015-12-31       NaN       NaN       NaN       NaN       NaN       NaN   \n",
       "2016-12-31  0.015040  0.525599  0.595605  0.274444  0.383612 -0.244215   \n",
       "2017-12-31 -0.080391  0.065633  0.248061  0.343212  0.011603  0.344625   \n",
       "2018-12-31 -0.126728 -0.067172 -0.053780  0.110320 -0.091517 -0.339874   \n",
       "2019-12-31  0.235671 -0.042949  0.207239  0.424679  0.342451  0.419449   \n",
       "\n",
       "                ULVR  \n",
       "2015-12-31       NaN  \n",
       "2016-12-31  0.125064  \n",
       "2017-12-31  0.252999  \n",
       "2018-12-31 -0.004121  \n",
       "2019-12-31  0.058902  "
      ]
     },
     "execution_count": 39,
     "metadata": {},
     "output_type": "execute_result"
    }
   ],
   "source": [
    "df.resample('Y').last().pct_change()"
   ]
  },
  {
   "cell_type": "code",
   "execution_count": null,
   "metadata": {},
   "outputs": [],
   "source": []
  },
  {
   "cell_type": "code",
   "execution_count": null,
   "metadata": {},
   "outputs": [],
   "source": []
  }
 ],
 "metadata": {
  "kernelspec": {
   "display_name": "Python 3",
   "language": "python",
   "name": "python3"
  },
  "language_info": {
   "codemirror_mode": {
    "name": "ipython",
    "version": 3
   },
   "file_extension": ".py",
   "mimetype": "text/x-python",
   "name": "python",
   "nbconvert_exporter": "python",
   "pygments_lexer": "ipython3",
   "version": "3.8.3"
  }
 },
 "nbformat": 4,
 "nbformat_minor": 4
}
