{
 "cells": [
  {
   "cell_type": "markdown",
   "metadata": {},
   "source": [
    "## 想看看成交量与价格间的相关关系如何\n",
    "\n",
    "### 从我的简单的计算发现，关系并不是很明显。\n",
    "#### 分析原因可能有两个，第一，本身这二者之间的关联就不抢。第二，分析方法有误，需要进一步研究。\n",
    "to be continued ... "
   ]
  },
  {
   "cell_type": "code",
   "execution_count": 1,
   "metadata": {},
   "outputs": [],
   "source": [
    "import pandas as pd\n",
    "import pandas_datareader as pdr"
   ]
  },
  {
   "cell_type": "code",
   "execution_count": 3,
   "metadata": {},
   "outputs": [],
   "source": [
    "apple = pdr.DataReader('aapl','av-daily', start='2017.1.1', end='2021.1.1',\n",
    "              api_key='EUWPYIBX33PPD5U5')\n",
    "apple_vp = apple[['close','volume']]\n",
    "apple_vp.corr()"
   ]
  },
  {
   "cell_type": "code",
   "execution_count": 8,
   "metadata": {},
   "outputs": [
    {
     "data": {
      "text/html": [
       "<div>\n",
       "<style scoped>\n",
       "    .dataframe tbody tr th:only-of-type {\n",
       "        vertical-align: middle;\n",
       "    }\n",
       "\n",
       "    .dataframe tbody tr th {\n",
       "        vertical-align: top;\n",
       "    }\n",
       "\n",
       "    .dataframe thead th {\n",
       "        text-align: right;\n",
       "    }\n",
       "</style>\n",
       "<table border=\"1\" class=\"dataframe\">\n",
       "  <thead>\n",
       "    <tr style=\"text-align: right;\">\n",
       "      <th></th>\n",
       "      <th>close</th>\n",
       "      <th>volume</th>\n",
       "    </tr>\n",
       "  </thead>\n",
       "  <tbody>\n",
       "    <tr>\n",
       "      <th>close</th>\n",
       "      <td>1.000000</td>\n",
       "      <td>-0.031631</td>\n",
       "    </tr>\n",
       "    <tr>\n",
       "      <th>volume</th>\n",
       "      <td>-0.031631</td>\n",
       "      <td>1.000000</td>\n",
       "    </tr>\n",
       "  </tbody>\n",
       "</table>\n",
       "</div>"
      ],
      "text/plain": [
       "           close    volume\n",
       "close   1.000000 -0.031631\n",
       "volume -0.031631  1.000000"
      ]
     },
     "execution_count": 8,
     "metadata": {},
     "output_type": "execute_result"
    }
   ],
   "source": [
    "fb = pdr.DataReader('fb','av-daily', start='2017.1.1', end='2021.1.1',\n",
    "              api_key='EUWPYIBX33PPD5U5')\n",
    "fb_vp = fb[['close','volume']]\n",
    "fb_vp.corr()"
   ]
  },
  {
   "cell_type": "code",
   "execution_count": 9,
   "metadata": {},
   "outputs": [
    {
     "data": {
      "text/html": [
       "<div>\n",
       "<style scoped>\n",
       "    .dataframe tbody tr th:only-of-type {\n",
       "        vertical-align: middle;\n",
       "    }\n",
       "\n",
       "    .dataframe tbody tr th {\n",
       "        vertical-align: top;\n",
       "    }\n",
       "\n",
       "    .dataframe thead th {\n",
       "        text-align: right;\n",
       "    }\n",
       "</style>\n",
       "<table border=\"1\" class=\"dataframe\">\n",
       "  <thead>\n",
       "    <tr style=\"text-align: right;\">\n",
       "      <th></th>\n",
       "      <th>close</th>\n",
       "      <th>volume</th>\n",
       "    </tr>\n",
       "  </thead>\n",
       "  <tbody>\n",
       "    <tr>\n",
       "      <th>close</th>\n",
       "      <td>1.000000</td>\n",
       "      <td>0.131557</td>\n",
       "    </tr>\n",
       "    <tr>\n",
       "      <th>volume</th>\n",
       "      <td>0.131557</td>\n",
       "      <td>1.000000</td>\n",
       "    </tr>\n",
       "  </tbody>\n",
       "</table>\n",
       "</div>"
      ],
      "text/plain": [
       "           close    volume\n",
       "close   1.000000  0.131557\n",
       "volume  0.131557  1.000000"
      ]
     },
     "execution_count": 9,
     "metadata": {},
     "output_type": "execute_result"
    }
   ],
   "source": [
    "amzn = pdr.DataReader('amzn','av-daily', start='2017.1.1', end='2021.1.1',\n",
    "              api_key='EUWPYIBX33PPD5U5')\n",
    "amzn_vp = amzn[['close','volume']]\n",
    "amzn_vp.corr()"
   ]
  },
  {
   "cell_type": "code",
   "execution_count": 10,
   "metadata": {},
   "outputs": [
    {
     "data": {
      "text/html": [
       "<div>\n",
       "<style scoped>\n",
       "    .dataframe tbody tr th:only-of-type {\n",
       "        vertical-align: middle;\n",
       "    }\n",
       "\n",
       "    .dataframe tbody tr th {\n",
       "        vertical-align: top;\n",
       "    }\n",
       "\n",
       "    .dataframe thead th {\n",
       "        text-align: right;\n",
       "    }\n",
       "</style>\n",
       "<table border=\"1\" class=\"dataframe\">\n",
       "  <thead>\n",
       "    <tr style=\"text-align: right;\">\n",
       "      <th></th>\n",
       "      <th>close</th>\n",
       "      <th>volume</th>\n",
       "    </tr>\n",
       "  </thead>\n",
       "  <tbody>\n",
       "    <tr>\n",
       "      <th>close</th>\n",
       "      <td>1.000000</td>\n",
       "      <td>0.023982</td>\n",
       "    </tr>\n",
       "    <tr>\n",
       "      <th>volume</th>\n",
       "      <td>0.023982</td>\n",
       "      <td>1.000000</td>\n",
       "    </tr>\n",
       "  </tbody>\n",
       "</table>\n",
       "</div>"
      ],
      "text/plain": [
       "           close    volume\n",
       "close   1.000000  0.023982\n",
       "volume  0.023982  1.000000"
      ]
     },
     "execution_count": 10,
     "metadata": {},
     "output_type": "execute_result"
    }
   ],
   "source": [
    "nflx = pdr.DataReader('nflx','av-daily', start='2017.1.1', end='2021.1.1',\n",
    "              api_key='EUWPYIBX33PPD5U5')\n",
    "nflx_vp = nflx[['close','volume']]\n",
    "nflx_vp.corr()"
   ]
  },
  {
   "cell_type": "code",
   "execution_count": 11,
   "metadata": {},
   "outputs": [
    {
     "data": {
      "text/html": [
       "<div>\n",
       "<style scoped>\n",
       "    .dataframe tbody tr th:only-of-type {\n",
       "        vertical-align: middle;\n",
       "    }\n",
       "\n",
       "    .dataframe tbody tr th {\n",
       "        vertical-align: top;\n",
       "    }\n",
       "\n",
       "    .dataframe thead th {\n",
       "        text-align: right;\n",
       "    }\n",
       "</style>\n",
       "<table border=\"1\" class=\"dataframe\">\n",
       "  <thead>\n",
       "    <tr style=\"text-align: right;\">\n",
       "      <th></th>\n",
       "      <th>open</th>\n",
       "      <th>high</th>\n",
       "      <th>low</th>\n",
       "      <th>close</th>\n",
       "      <th>volume</th>\n",
       "    </tr>\n",
       "  </thead>\n",
       "  <tbody>\n",
       "    <tr>\n",
       "      <th>open</th>\n",
       "      <td>1.000000</td>\n",
       "      <td>0.999518</td>\n",
       "      <td>0.999475</td>\n",
       "      <td>0.999008</td>\n",
       "      <td>-0.194418</td>\n",
       "    </tr>\n",
       "    <tr>\n",
       "      <th>high</th>\n",
       "      <td>0.999518</td>\n",
       "      <td>1.000000</td>\n",
       "      <td>0.999230</td>\n",
       "      <td>0.999466</td>\n",
       "      <td>-0.185876</td>\n",
       "    </tr>\n",
       "    <tr>\n",
       "      <th>low</th>\n",
       "      <td>0.999475</td>\n",
       "      <td>0.999230</td>\n",
       "      <td>1.000000</td>\n",
       "      <td>0.999479</td>\n",
       "      <td>-0.206046</td>\n",
       "    </tr>\n",
       "    <tr>\n",
       "      <th>close</th>\n",
       "      <td>0.999008</td>\n",
       "      <td>0.999466</td>\n",
       "      <td>0.999479</td>\n",
       "      <td>1.000000</td>\n",
       "      <td>-0.196524</td>\n",
       "    </tr>\n",
       "    <tr>\n",
       "      <th>volume</th>\n",
       "      <td>-0.194418</td>\n",
       "      <td>-0.185876</td>\n",
       "      <td>-0.206046</td>\n",
       "      <td>-0.196524</td>\n",
       "      <td>1.000000</td>\n",
       "    </tr>\n",
       "  </tbody>\n",
       "</table>\n",
       "</div>"
      ],
      "text/plain": [
       "            open      high       low     close    volume\n",
       "open    1.000000  0.999518  0.999475  0.999008 -0.194418\n",
       "high    0.999518  1.000000  0.999230  0.999466 -0.185876\n",
       "low     0.999475  0.999230  1.000000  0.999479 -0.206046\n",
       "close   0.999008  0.999466  0.999479  1.000000 -0.196524\n",
       "volume -0.194418 -0.185876 -0.206046 -0.196524  1.000000"
      ]
     },
     "execution_count": 11,
     "metadata": {},
     "output_type": "execute_result"
    }
   ],
   "source": [
    "apple.corr()"
   ]
  },
  {
   "cell_type": "code",
   "execution_count": 12,
   "metadata": {},
   "outputs": [
    {
     "data": {
      "text/html": [
       "<div>\n",
       "<style scoped>\n",
       "    .dataframe tbody tr th:only-of-type {\n",
       "        vertical-align: middle;\n",
       "    }\n",
       "\n",
       "    .dataframe tbody tr th {\n",
       "        vertical-align: top;\n",
       "    }\n",
       "\n",
       "    .dataframe thead th {\n",
       "        text-align: right;\n",
       "    }\n",
       "</style>\n",
       "<table border=\"1\" class=\"dataframe\">\n",
       "  <thead>\n",
       "    <tr style=\"text-align: right;\">\n",
       "      <th></th>\n",
       "      <th>open</th>\n",
       "      <th>high</th>\n",
       "      <th>low</th>\n",
       "      <th>close</th>\n",
       "      <th>volume</th>\n",
       "    </tr>\n",
       "  </thead>\n",
       "  <tbody>\n",
       "    <tr>\n",
       "      <th>open</th>\n",
       "      <td>1.000000</td>\n",
       "      <td>0.999548</td>\n",
       "      <td>0.999391</td>\n",
       "      <td>0.998927</td>\n",
       "      <td>0.134022</td>\n",
       "    </tr>\n",
       "    <tr>\n",
       "      <th>high</th>\n",
       "      <td>0.999548</td>\n",
       "      <td>1.000000</td>\n",
       "      <td>0.999239</td>\n",
       "      <td>0.999474</td>\n",
       "      <td>0.145412</td>\n",
       "    </tr>\n",
       "    <tr>\n",
       "      <th>low</th>\n",
       "      <td>0.999391</td>\n",
       "      <td>0.999239</td>\n",
       "      <td>1.000000</td>\n",
       "      <td>0.999503</td>\n",
       "      <td>0.118364</td>\n",
       "    </tr>\n",
       "    <tr>\n",
       "      <th>close</th>\n",
       "      <td>0.998927</td>\n",
       "      <td>0.999474</td>\n",
       "      <td>0.999503</td>\n",
       "      <td>1.000000</td>\n",
       "      <td>0.131557</td>\n",
       "    </tr>\n",
       "    <tr>\n",
       "      <th>volume</th>\n",
       "      <td>0.134022</td>\n",
       "      <td>0.145412</td>\n",
       "      <td>0.118364</td>\n",
       "      <td>0.131557</td>\n",
       "      <td>1.000000</td>\n",
       "    </tr>\n",
       "  </tbody>\n",
       "</table>\n",
       "</div>"
      ],
      "text/plain": [
       "            open      high       low     close    volume\n",
       "open    1.000000  0.999548  0.999391  0.998927  0.134022\n",
       "high    0.999548  1.000000  0.999239  0.999474  0.145412\n",
       "low     0.999391  0.999239  1.000000  0.999503  0.118364\n",
       "close   0.998927  0.999474  0.999503  1.000000  0.131557\n",
       "volume  0.134022  0.145412  0.118364  0.131557  1.000000"
      ]
     },
     "execution_count": 12,
     "metadata": {},
     "output_type": "execute_result"
    }
   ],
   "source": [
    "amzn.corr()"
   ]
  },
  {
   "cell_type": "code",
   "execution_count": 13,
   "metadata": {},
   "outputs": [
    {
     "data": {
      "text/html": [
       "<div>\n",
       "<style scoped>\n",
       "    .dataframe tbody tr th:only-of-type {\n",
       "        vertical-align: middle;\n",
       "    }\n",
       "\n",
       "    .dataframe tbody tr th {\n",
       "        vertical-align: top;\n",
       "    }\n",
       "\n",
       "    .dataframe thead th {\n",
       "        text-align: right;\n",
       "    }\n",
       "</style>\n",
       "<table border=\"1\" class=\"dataframe\">\n",
       "  <thead>\n",
       "    <tr style=\"text-align: right;\">\n",
       "      <th></th>\n",
       "      <th>open</th>\n",
       "      <th>high</th>\n",
       "      <th>low</th>\n",
       "      <th>close</th>\n",
       "      <th>volume</th>\n",
       "    </tr>\n",
       "  </thead>\n",
       "  <tbody>\n",
       "    <tr>\n",
       "      <th>open</th>\n",
       "      <td>1.000000</td>\n",
       "      <td>0.999006</td>\n",
       "      <td>0.998971</td>\n",
       "      <td>0.997746</td>\n",
       "      <td>0.022355</td>\n",
       "    </tr>\n",
       "    <tr>\n",
       "      <th>high</th>\n",
       "      <td>0.999006</td>\n",
       "      <td>1.000000</td>\n",
       "      <td>0.998715</td>\n",
       "      <td>0.999003</td>\n",
       "      <td>0.036664</td>\n",
       "    </tr>\n",
       "    <tr>\n",
       "      <th>low</th>\n",
       "      <td>0.998971</td>\n",
       "      <td>0.998715</td>\n",
       "      <td>1.000000</td>\n",
       "      <td>0.998944</td>\n",
       "      <td>0.007430</td>\n",
       "    </tr>\n",
       "    <tr>\n",
       "      <th>close</th>\n",
       "      <td>0.997746</td>\n",
       "      <td>0.999003</td>\n",
       "      <td>0.998944</td>\n",
       "      <td>1.000000</td>\n",
       "      <td>0.023982</td>\n",
       "    </tr>\n",
       "    <tr>\n",
       "      <th>volume</th>\n",
       "      <td>0.022355</td>\n",
       "      <td>0.036664</td>\n",
       "      <td>0.007430</td>\n",
       "      <td>0.023982</td>\n",
       "      <td>1.000000</td>\n",
       "    </tr>\n",
       "  </tbody>\n",
       "</table>\n",
       "</div>"
      ],
      "text/plain": [
       "            open      high       low     close    volume\n",
       "open    1.000000  0.999006  0.998971  0.997746  0.022355\n",
       "high    0.999006  1.000000  0.998715  0.999003  0.036664\n",
       "low     0.998971  0.998715  1.000000  0.998944  0.007430\n",
       "close   0.997746  0.999003  0.998944  1.000000  0.023982\n",
       "volume  0.022355  0.036664  0.007430  0.023982  1.000000"
      ]
     },
     "execution_count": 13,
     "metadata": {},
     "output_type": "execute_result"
    }
   ],
   "source": [
    "nflx.corr()"
   ]
  },
  {
   "cell_type": "code",
   "execution_count": null,
   "metadata": {},
   "outputs": [],
   "source": []
  }
 ],
 "metadata": {
  "kernelspec": {
   "display_name": "Python 3",
   "language": "python",
   "name": "python3"
  },
  "language_info": {
   "codemirror_mode": {
    "name": "ipython",
    "version": 3
   },
   "file_extension": ".py",
   "mimetype": "text/x-python",
   "name": "python",
   "nbconvert_exporter": "python",
   "pygments_lexer": "ipython3",
   "version": "3.8.3"
  }
 },
 "nbformat": 4,
 "nbformat_minor": 4
}
