{
 "cells": [
  {
   "cell_type": "markdown",
   "metadata": {},
   "source": [
    "<img src=\"http://imgur.com/1ZcRyrc.png\" style=\"float: left; margin: 20px; height: 55px\">\n",
    "\n",
    "# ROC and precision recall demo\n",
    "\n",
    "---"
   ]
  },
  {
   "cell_type": "markdown",
   "metadata": {},
   "source": [
    "## Learning Objectives\n",
    "\n",
    "### Core\n",
    "- Understand how binary logistic regression can be used for multiple class classification through the one-versus-rest approach\n",
    "- Interpret the sets of coefficients related to each one-versus-rest fit\n",
    "\n",
    "\n",
    "### Target\n",
    "- Use the `LabelBinarizer` to create labels for the one-versus-rest binary classification problems\n",
    "- Calculate precision and recall scores with different averages\n",
    "\n",
    "### Stretch\n",
    "- Create ROC and precision-recall curves for all one-versus rest problems"
   ]
  },
  {
   "cell_type": "markdown",
   "metadata": {
    "toc": true
   },
   "source": [
    "<h1>Lesson Guide<span class=\"tocSkip\"></span></h1>\n",
    "<div class=\"toc\"><ul class=\"toc-item\"><li><span><a href=\"#Learning-Objectives\" data-toc-modified-id=\"Learning-Objectives-1\">Learning Objectives</a></span><ul class=\"toc-item\"><li><span><a href=\"#Core\" data-toc-modified-id=\"Core-1.1\">Core</a></span></li><li><span><a href=\"#Target\" data-toc-modified-id=\"Target-1.2\">Target</a></span></li><li><span><a href=\"#Stretch\" data-toc-modified-id=\"Stretch-1.3\">Stretch</a></span></li></ul></li><li><span><a href=\"#Load-the-iris-dataset\" data-toc-modified-id=\"Load-the-iris-dataset-2\">Load the iris dataset</a></span></li><li><span><a href=\"#Fit-a-logistic-regression-model\" data-toc-modified-id=\"Fit-a-logistic-regression-model-3\">Fit a logistic regression model</a></span><ul class=\"toc-item\"><li><span><a href=\"#Define-target-and-predictors\" data-toc-modified-id=\"Define-target-and-predictors-3.1\">Define target and predictors</a></span></li><li><span><a href=\"#Rescale-the-data\" data-toc-modified-id=\"Rescale-the-data-3.2\">Rescale the data</a></span></li><li><span><a href=\"#Fit-the-model,-obtain-the-score-and-predictions\" data-toc-modified-id=\"Fit-the-model,-obtain-the-score-and-predictions-3.3\">Fit the model, obtain the score and predictions</a></span></li></ul></li><li><span><a href=\"#Model-coefficients-and-predicted-probabilities\" data-toc-modified-id=\"Model-coefficients-and-predicted-probabilities-4\">Model coefficients and predicted probabilities</a></span><ul class=\"toc-item\"><li><span><a href=\"#We-have-three-different-intercepts\" data-toc-modified-id=\"We-have-three-different-intercepts-4.1\">We have three different intercepts</a></span></li><li><span><a href=\"#We-have-three-sets-of-four-model-coefficients\" data-toc-modified-id=\"We-have-three-sets-of-four-model-coefficients-4.2\">We have three sets of four model coefficients</a></span></li><li><span><a href=\"#We-have-a-probability-for-being-in-any-of-the-three-classes\" data-toc-modified-id=\"We-have-a-probability-for-being-in-any-of-the-three-classes-4.3\">We have a probability for being in any of the three classes</a></span></li><li><span><a href=\"#Along-each-row,-the-predictions-sum-up-to-one\" data-toc-modified-id=\"Along-each-row,-the-predictions-sum-up-to-one-4.4\">Along each row, the predictions sum up to one</a></span></li></ul></li><li><span><a href=\"#Check-results-by-fitting-one-versus-rest-explicitly\" data-toc-modified-id=\"Check-results-by-fitting-one-versus-rest-explicitly-5\">Check results by fitting one-versus-rest explicitly</a></span><ul class=\"toc-item\"><li><span><a href=\"#Label-binarize-the-target\" data-toc-modified-id=\"Label-binarize-the-target-5.1\">Label binarize the target</a></span></li><li><span><a href=\"#Fit-each-of-the-classes-one-versus-rest\" data-toc-modified-id=\"Fit-each-of-the-classes-one-versus-rest-5.2\">Fit each of the classes one-versus-rest</a></span></li></ul></li><li><span><a href=\"#Accuracy-score,-confusion-matrix-and-classification-report\" data-toc-modified-id=\"Accuracy-score,-confusion-matrix-and-classification-report-6\">Accuracy score, confusion matrix and classification report</a></span><ul class=\"toc-item\"><li><span><a href=\"#Default-model-score-(accuracy)\" data-toc-modified-id=\"Default-model-score-(accuracy)-6.1\">Default model score (accuracy)</a></span></li><li><span><a href=\"#Confusion-matrix\" data-toc-modified-id=\"Confusion-matrix-6.2\">Confusion matrix</a></span></li><li><span><a href=\"#Classification-report\" data-toc-modified-id=\"Classification-report-6.3\">Classification report</a></span></li></ul></li><li><span><a href=\"#Precision-scores\" data-toc-modified-id=\"Precision-scores-7\">Precision scores</a></span><ul class=\"toc-item\"><li><span><a href=\"#Scores-without-averaging\" data-toc-modified-id=\"Scores-without-averaging-7.1\">Scores without averaging</a></span></li><li><span><a href=\"#The-macro-average\" data-toc-modified-id=\"The-macro-average-7.2\">The macro average</a></span></li><li><span><a href=\"#The-micro-average\" data-toc-modified-id=\"The-micro-average-7.3\">The micro average</a></span></li><li><span><a href=\"#The-weighted-average\" data-toc-modified-id=\"The-weighted-average-7.4\">The weighted average</a></span></li><li><span><a href=\"#Summary\" data-toc-modified-id=\"Summary-7.5\">Summary</a></span></li></ul></li><li><span><a href=\"#Recall-scores\" data-toc-modified-id=\"Recall-scores-8\">Recall scores</a></span></li><li><span><a href=\"#F1-scores\" data-toc-modified-id=\"F1-scores-9\">F1 scores</a></span></li><li><span><a href=\"#Precision-Recall-Plot\" data-toc-modified-id=\"Precision-Recall-Plot-10\">Precision-Recall Plot</a></span></li><li><span><a href=\"#ROC-plot\" data-toc-modified-id=\"ROC-plot-11\">ROC plot</a></span></li><li><span><a href=\"#Conclusion\" data-toc-modified-id=\"Conclusion-12\">Conclusion</a></span></li><li><span><a href=\"#Additional-Resources\" data-toc-modified-id=\"Additional-Resources-13\">Additional Resources</a></span></li></ul></div>"
   ]
  },
  {
   "cell_type": "code",
   "execution_count": 1,
   "metadata": {},
   "outputs": [],
   "source": [
    "import pandas as pd\n",
    "import numpy as np\n",
    "import matplotlib.pyplot as plt\n",
    "import seaborn as sns\n",
    "\n",
    "np.set_printoptions(precision=4)\n",
    "sns.set(font_scale=1.5)\n",
    "%config InlineBackend.figure_format = 'retina'\n",
    "%matplotlib inline"
   ]
  },
  {
   "cell_type": "markdown",
   "metadata": {},
   "source": [
    "## Load the iris dataset"
   ]
  },
  {
   "cell_type": "code",
   "execution_count": 2,
   "metadata": {},
   "outputs": [],
   "source": [
    "from sklearn.datasets import load_iris"
   ]
  },
  {
   "cell_type": "code",
   "execution_count": 3,
   "metadata": {},
   "outputs": [],
   "source": [
    "data = load_iris()"
   ]
  },
  {
   "cell_type": "code",
   "execution_count": 46,
   "metadata": {},
   "outputs": [
    {
     "data": {
      "text/plain": [
       "dict_keys(['data', 'target', 'target_names', 'DESCR', 'feature_names', 'filename'])"
      ]
     },
     "execution_count": 46,
     "metadata": {},
     "output_type": "execute_result"
    }
   ],
   "source": [
    "data.keys()"
   ]
  },
  {
   "cell_type": "code",
   "execution_count": 47,
   "metadata": {},
   "outputs": [
    {
     "name": "stdout",
     "output_type": "stream",
     "text": [
      "[0 0 0 0 0 0 0 0 0 0 0 0 0 0 0 0 0 0 0 0 0 0 0 0 0 0 0 0 0 0 0 0 0 0 0 0 0\n",
      " 0 0 0 0 0 0 0 0 0 0 0 0 0 1 1 1 1 1 1 1 1 1 1 1 1 1 1 1 1 1 1 1 1 1 1 1 1\n",
      " 1 1 1 1 1 1 1 1 1 1 1 1 1 1 1 1 1 1 1 1 1 1 1 1 1 1 2 2 2 2 2 2 2 2 2 2 2\n",
      " 2 2 2 2 2 2 2 2 2 2 2 2 2 2 2 2 2 2 2 2 2 2 2 2 2 2 2 2 2 2 2 2 2 2 2 2 2\n",
      " 2 2]\n"
     ]
    }
   ],
   "source": [
    "print(data.target)"
   ]
  },
  {
   "cell_type": "code",
   "execution_count": 4,
   "metadata": {},
   "outputs": [
    {
     "name": "stdout",
     "output_type": "stream",
     "text": [
      ".. _iris_dataset:\n",
      "\n",
      "Iris plants dataset\n",
      "--------------------\n",
      "\n",
      "**Data Set Characteristics:**\n",
      "\n",
      "    :Number of Instances: 150 (50 in each of three classes)\n",
      "    :Number of Attributes: 4 numeric, predictive attributes and the class\n",
      "    :Attribute Information:\n",
      "        - sepal length in cm\n",
      "        - sepal width in cm\n",
      "        - petal length in cm\n",
      "        - petal width in cm\n",
      "        - class:\n",
      "                - Iris-Setosa\n",
      "                - Iris-Versicolour\n",
      "                - Iris-Virginica\n",
      "                \n",
      "    :Summary Statistics:\n",
      "\n",
      "    ============== ==== ==== ======= ===== ====================\n",
      "                    Min  Max   Mean    SD   Class Correlation\n",
      "    ============== ==== ==== ======= ===== ====================\n",
      "    sepal length:   4.3  7.9   5.84   0.83    0.7826\n",
      "    sepal width:    2.0  4.4   3.05   0.43   -0.4194\n",
      "    petal length:   1.0  6.9   3.76   1.76    0.9490  (high!)\n",
      "    petal width:    0.1  2.5   1.20   0.76    0.9565  (high!)\n",
      "    ============== ==== ==== ======= ===== ====================\n",
      "\n",
      "    :Missing Attribute Values: None\n",
      "    :Class Distribution: 33.3% for each of 3 classes.\n",
      "    :Creator: R.A. Fisher\n",
      "    :Donor: Michael Marshall (MARSHALL%PLU@io.arc.nasa.gov)\n",
      "    :Date: July, 1988\n",
      "\n",
      "The famous Iris database, first used by Sir R.A. Fisher. The dataset is taken\n",
      "from Fisher's paper. Note that it's the same as in R, but not as in the UCI\n",
      "Machine Learning Repository, which has two wrong data points.\n",
      "\n",
      "This is perhaps the best known database to be found in the\n",
      "pattern recognition literature.  Fisher's paper is a classic in the field and\n",
      "is referenced frequently to this day.  (See Duda & Hart, for example.)  The\n",
      "data set contains 3 classes of 50 instances each, where each class refers to a\n",
      "type of iris plant.  One class is linearly separable from the other 2; the\n",
      "latter are NOT linearly separable from each other.\n",
      "\n",
      ".. topic:: References\n",
      "\n",
      "   - Fisher, R.A. \"The use of multiple measurements in taxonomic problems\"\n",
      "     Annual Eugenics, 7, Part II, 179-188 (1936); also in \"Contributions to\n",
      "     Mathematical Statistics\" (John Wiley, NY, 1950).\n",
      "   - Duda, R.O., & Hart, P.E. (1973) Pattern Classification and Scene Analysis.\n",
      "     (Q327.D83) John Wiley & Sons.  ISBN 0-471-22361-1.  See page 218.\n",
      "   - Dasarathy, B.V. (1980) \"Nosing Around the Neighborhood: A New System\n",
      "     Structure and Classification Rule for Recognition in Partially Exposed\n",
      "     Environments\".  IEEE Transactions on Pattern Analysis and Machine\n",
      "     Intelligence, Vol. PAMI-2, No. 1, 67-71.\n",
      "   - Gates, G.W. (1972) \"The Reduced Nearest Neighbor Rule\".  IEEE Transactions\n",
      "     on Information Theory, May 1972, 431-433.\n",
      "   - See also: 1988 MLC Proceedings, 54-64.  Cheeseman et al\"s AUTOCLASS II\n",
      "     conceptual clustering system finds 3 classes in the data.\n",
      "   - Many, many more ...\n"
     ]
    }
   ],
   "source": [
    "print(data.DESCR)"
   ]
  },
  {
   "cell_type": "markdown",
   "metadata": {},
   "source": [
    "## Fit a logistic regression model"
   ]
  },
  {
   "cell_type": "code",
   "execution_count": 5,
   "metadata": {},
   "outputs": [],
   "source": [
    "from sklearn.linear_model import LogisticRegression\n",
    "from sklearn.preprocessing import StandardScaler\n",
    "from sklearn import metrics"
   ]
  },
  {
   "cell_type": "markdown",
   "metadata": {},
   "source": [
    "### Define target and predictors"
   ]
  },
  {
   "cell_type": "markdown",
   "metadata": {},
   "source": [
    "The classes are completely balanced. For illustration purposes, we\n",
    "create a subset with class imbalance."
   ]
  },
  {
   "cell_type": "code",
   "execution_count": 6,
   "metadata": {},
   "outputs": [],
   "source": [
    "# the classes are completely balanced\n",
    "# create a subset with class imbalance\n",
    "y = data.target[:-20]\n",
    "X = data.data[:-20]"
   ]
  },
  {
   "cell_type": "code",
   "execution_count": 7,
   "metadata": {},
   "outputs": [
    {
     "data": {
      "text/plain": [
       "array([0, 1, 2])"
      ]
     },
     "execution_count": 7,
     "metadata": {},
     "output_type": "execute_result"
    }
   ],
   "source": [
    "np.unique(y)"
   ]
  },
  {
   "cell_type": "code",
   "execution_count": 8,
   "metadata": {},
   "outputs": [
    {
     "data": {
      "text/plain": [
       "0.38461538461538464"
      ]
     },
     "execution_count": 8,
     "metadata": {},
     "output_type": "execute_result"
    }
   ],
   "source": [
    "# check how many items we have per class\n",
    "pd.Series(y).value_counts(normalize=True).max()"
   ]
  },
  {
   "cell_type": "code",
   "execution_count": 9,
   "metadata": {},
   "outputs": [
    {
     "data": {
      "text/plain": [
       "(130, 4)"
      ]
     },
     "execution_count": 9,
     "metadata": {},
     "output_type": "execute_result"
    }
   ],
   "source": [
    "# we have four predictors\n",
    "X.shape"
   ]
  },
  {
   "cell_type": "markdown",
   "metadata": {},
   "source": [
    "### Rescale the data"
   ]
  },
  {
   "cell_type": "code",
   "execution_count": 10,
   "metadata": {},
   "outputs": [],
   "source": [
    "scaler = StandardScaler()\n",
    "X = scaler.fit_transform(X)"
   ]
  },
  {
   "cell_type": "markdown",
   "metadata": {},
   "source": [
    "### Fit the model, obtain the score and predictions"
   ]
  },
  {
   "cell_type": "code",
   "execution_count": 11,
   "metadata": {},
   "outputs": [
    {
     "name": "stdout",
     "output_type": "stream",
     "text": [
      "0.9384615384615385\n"
     ]
    }
   ],
   "source": [
    "model = LogisticRegression(solver='liblinear', multi_class='ovr')\n",
    "model.fit(X, y)\n",
    "print(model.score(X, y))\n",
    "predictions = model.predict(X)\n",
    "probabilities = model.predict_proba(X)"
   ]
  },
  {
   "cell_type": "code",
   "execution_count": 12,
   "metadata": {},
   "outputs": [
    {
     "data": {
      "text/plain": [
       "array([0, 0, 0, 0, 0, 0, 0, 0, 0, 0, 0, 0, 0, 0, 0, 0, 0, 0, 0, 0, 0, 0,\n",
       "       0, 0, 0, 0, 0, 0, 0, 0, 0, 0, 0, 0, 0, 0, 0, 0, 0, 0, 0, 0, 0, 0,\n",
       "       0, 0, 0, 0, 0, 0, 1, 1, 1, 1, 1, 1, 2, 1, 1, 1, 1, 1, 1, 1, 1, 1,\n",
       "       1, 1, 1, 1, 2, 1, 1, 1, 1, 1, 1, 2, 1, 1, 1, 1, 1, 1, 1, 2, 1, 1,\n",
       "       1, 1, 1, 1, 1, 1, 1, 1, 1, 1, 1, 1, 2, 2, 2, 2, 2, 2, 1, 2, 1, 2,\n",
       "       2, 2, 2, 2, 2, 2, 2, 2, 2, 1, 2, 2, 2, 1, 2, 2, 2, 2, 2, 2])"
      ]
     },
     "execution_count": 12,
     "metadata": {},
     "output_type": "execute_result"
    }
   ],
   "source": [
    "predictions"
   ]
  },
  {
   "cell_type": "code",
   "execution_count": 13,
   "metadata": {},
   "outputs": [
    {
     "data": {
      "text/plain": [
       "array([[9.1267e-01, 8.6801e-02, 5.2659e-04],\n",
       "       [7.6924e-01, 2.3028e-01, 4.8245e-04],\n",
       "       [8.4786e-01, 1.5167e-01, 4.6865e-04],\n",
       "       [8.0636e-01, 1.9311e-01, 5.2732e-04],\n",
       "       [9.3220e-01, 6.7269e-02, 5.2795e-04],\n",
       "       [9.6616e-01, 3.2588e-02, 1.2530e-03],\n",
       "       [9.0471e-01, 9.4576e-02, 7.1468e-04],\n",
       "       [8.8772e-01, 1.1172e-01, 5.5997e-04],\n",
       "       [7.4604e-01, 2.5350e-01, 4.6489e-04],\n",
       "       [7.8917e-01, 2.1045e-01, 3.8061e-04],\n",
       "       [9.4099e-01, 5.8439e-02, 5.7419e-04],\n",
       "       [8.8666e-01, 1.1274e-01, 5.9942e-04],\n",
       "       [7.6205e-01, 2.3761e-01, 3.4506e-04],\n",
       "       [7.9310e-01, 2.0662e-01, 2.7872e-04],\n",
       "       [9.7448e-01, 2.5064e-02, 4.5854e-04],\n",
       "       [9.9092e-01, 8.0408e-03, 1.0373e-03],\n",
       "       [9.7193e-01, 2.7138e-02, 9.2890e-04],\n",
       "       [9.1846e-01, 8.0809e-02, 7.2715e-04],\n",
       "       [9.5090e-01, 4.8179e-02, 9.2315e-04],\n",
       "       [9.5934e-01, 3.9874e-02, 7.8312e-04],\n",
       "       [8.7144e-01, 1.2791e-01, 6.5281e-04],\n",
       "       [9.5126e-01, 4.7661e-02, 1.0806e-03],\n",
       "       [9.4637e-01, 5.3244e-02, 3.9044e-04],\n",
       "       [8.7181e-01, 1.2647e-01, 1.7170e-03],\n",
       "       [8.7303e-01, 1.2623e-01, 7.4340e-04],\n",
       "       [7.5278e-01, 2.4667e-01, 5.5687e-04],\n",
       "       [8.9714e-01, 1.0170e-01, 1.1538e-03],\n",
       "       [9.0766e-01, 9.1770e-02, 5.6751e-04],\n",
       "       [8.8875e-01, 1.1073e-01, 5.2319e-04],\n",
       "       [8.3145e-01, 1.6797e-01, 5.7937e-04],\n",
       "       [7.9523e-01, 2.0420e-01, 5.6778e-04],\n",
       "       [8.9472e-01, 1.0420e-01, 1.0862e-03],\n",
       "       [9.7796e-01, 2.1630e-02, 4.0915e-04],\n",
       "       [9.8425e-01, 1.5233e-02, 5.2010e-04],\n",
       "       [7.9894e-01, 2.0053e-01, 5.3032e-04],\n",
       "       [8.4702e-01, 1.5255e-01, 4.3884e-04],\n",
       "       [9.1086e-01, 8.8648e-02, 4.9397e-04],\n",
       "       [9.2823e-01, 7.1385e-02, 3.8230e-04],\n",
       "       [7.8867e-01, 2.1088e-01, 4.4590e-04],\n",
       "       [8.8606e-01, 1.1338e-01, 5.6112e-04],\n",
       "       [9.2300e-01, 7.6324e-02, 6.7432e-04],\n",
       "       [5.4123e-01, 4.5822e-01, 5.4484e-04],\n",
       "       [8.5379e-01, 1.4574e-01, 4.6660e-04],\n",
       "       [9.2809e-01, 6.9695e-02, 2.2135e-03],\n",
       "       [9.5453e-01, 4.4020e-02, 1.4499e-03],\n",
       "       [7.8164e-01, 2.1769e-01, 6.7201e-04],\n",
       "       [9.5424e-01, 4.5146e-02, 6.1334e-04],\n",
       "       [8.4458e-01, 1.5492e-01, 5.0221e-04],\n",
       "       [9.4192e-01, 5.7505e-02, 5.7285e-04],\n",
       "       [8.6599e-01, 1.3350e-01, 5.1444e-04],\n",
       "       [2.9785e-02, 5.7581e-01, 3.9441e-01],\n",
       "       [5.5527e-02, 4.9037e-01, 4.5411e-01],\n",
       "       [1.3151e-02, 5.4437e-01, 4.4247e-01],\n",
       "       [1.5126e-02, 8.4548e-01, 1.3939e-01],\n",
       "       [9.4393e-03, 6.5089e-01, 3.3967e-01],\n",
       "       [4.1405e-02, 7.3668e-01, 2.2191e-01],\n",
       "       [5.2047e-02, 3.7184e-01, 5.7612e-01],\n",
       "       [1.3894e-01, 8.2363e-01, 3.7430e-02],\n",
       "       [2.0662e-02, 7.3424e-01, 2.4510e-01],\n",
       "       [7.5848e-02, 7.1610e-01, 2.0805e-01],\n",
       "       [3.0903e-02, 9.2752e-01, 4.1580e-02],\n",
       "       [6.3575e-02, 5.7281e-01, 3.6361e-01],\n",
       "       [1.2673e-02, 9.2683e-01, 6.0495e-02],\n",
       "       [2.4349e-02, 6.6157e-01, 3.1408e-01],\n",
       "       [1.7741e-01, 6.6420e-01, 1.5838e-01],\n",
       "       [4.0748e-02, 6.1978e-01, 3.3947e-01],\n",
       "       [5.9540e-02, 5.5125e-01, 3.8921e-01],\n",
       "       [7.5566e-02, 8.5011e-01, 7.4322e-02],\n",
       "       [1.7671e-03, 7.4046e-01, 2.5777e-01],\n",
       "       [4.6806e-02, 8.7142e-01, 8.1778e-02],\n",
       "       [2.7393e-02, 3.1077e-01, 6.6184e-01],\n",
       "       [4.9069e-02, 7.6848e-01, 1.8245e-01],\n",
       "       [2.7634e-03, 6.8178e-01, 3.1546e-01],\n",
       "       [2.7201e-02, 7.8433e-01, 1.8847e-01],\n",
       "       [3.6860e-02, 7.4151e-01, 2.2163e-01],\n",
       "       [3.0564e-02, 6.5788e-01, 3.1156e-01],\n",
       "       [6.9118e-03, 6.9621e-01, 2.9688e-01],\n",
       "       [5.6665e-03, 4.6470e-01, 5.2964e-01],\n",
       "       [2.6875e-02, 6.1212e-01, 3.6100e-01],\n",
       "       [1.0708e-01, 8.4417e-01, 4.8753e-02],\n",
       "       [4.0878e-02, 8.8494e-01, 7.4185e-02],\n",
       "       [5.5213e-02, 8.9345e-01, 5.1338e-02],\n",
       "       [6.3382e-02, 8.1431e-01, 1.2231e-01],\n",
       "       [4.6689e-03, 5.8451e-01, 4.1082e-01],\n",
       "       [7.2782e-02, 5.3954e-01, 3.8768e-01],\n",
       "       [1.2583e-01, 2.9646e-01, 5.7772e-01],\n",
       "       [2.1204e-02, 5.4668e-01, 4.3212e-01],\n",
       "       [4.1521e-03, 8.2625e-01, 1.6960e-01],\n",
       "       [1.4895e-01, 6.3609e-01, 2.1495e-01],\n",
       "       [3.0348e-02, 8.1887e-01, 1.5078e-01],\n",
       "       [3.4732e-02, 8.1783e-01, 1.4744e-01],\n",
       "       [4.0415e-02, 6.2933e-01, 3.3026e-01],\n",
       "       [3.9585e-02, 8.3896e-01, 1.2145e-01],\n",
       "       [9.4437e-02, 8.6829e-01, 3.7276e-02],\n",
       "       [4.4937e-02, 7.7065e-01, 1.8441e-01],\n",
       "       [1.4795e-01, 6.8125e-01, 1.7080e-01],\n",
       "       [8.4870e-02, 7.0364e-01, 2.1149e-01],\n",
       "       [4.5476e-02, 7.3275e-01, 2.2177e-01],\n",
       "       [1.7612e-01, 7.7934e-01, 4.4548e-02],\n",
       "       [6.5755e-02, 7.4511e-01, 1.8913e-01],\n",
       "       [1.2184e-03, 1.8114e-01, 8.1765e-01],\n",
       "       [2.6510e-03, 4.6143e-01, 5.3592e-01],\n",
       "       [4.7335e-04, 3.5879e-01, 6.4073e-01],\n",
       "       [2.2616e-03, 4.4265e-01, 5.5509e-01],\n",
       "       [8.1106e-04, 3.2451e-01, 6.7468e-01],\n",
       "       [1.2946e-04, 3.9222e-01, 6.0765e-01],\n",
       "       [1.1782e-02, 5.9841e-01, 3.8981e-01],\n",
       "       [3.4528e-04, 4.5781e-01, 5.4184e-01],\n",
       "       [2.9448e-04, 5.2431e-01, 4.7540e-01],\n",
       "       [1.1497e-03, 1.1506e-01, 8.8379e-01],\n",
       "       [5.8430e-03, 2.6631e-01, 7.2785e-01],\n",
       "       [1.0977e-03, 4.6907e-01, 5.2983e-01],\n",
       "       [1.0211e-03, 3.3822e-01, 6.6075e-01],\n",
       "       [1.2793e-03, 4.7987e-01, 5.1885e-01],\n",
       "       [1.1732e-03, 3.1304e-01, 6.8578e-01],\n",
       "       [2.5229e-03, 2.0885e-01, 7.8863e-01],\n",
       "       [2.9368e-03, 4.1447e-01, 5.8259e-01],\n",
       "       [1.3644e-03, 1.2457e-01, 8.7407e-01],\n",
       "       [1.4377e-05, 4.5780e-01, 5.4218e-01],\n",
       "       [1.2450e-03, 6.9640e-01, 3.0235e-01],\n",
       "       [9.5318e-04, 2.4006e-01, 7.5898e-01],\n",
       "       [4.6360e-03, 3.9354e-01, 6.0183e-01],\n",
       "       [6.5779e-05, 4.5182e-01, 5.4811e-01],\n",
       "       [2.5204e-03, 5.0980e-01, 4.8768e-01],\n",
       "       [2.6482e-03, 2.3374e-01, 7.6361e-01],\n",
       "       [1.5707e-03, 3.6536e-01, 6.3306e-01],\n",
       "       [4.5620e-03, 4.8161e-01, 5.1383e-01],\n",
       "       [9.4080e-03, 4.0493e-01, 5.8566e-01],\n",
       "       [6.9342e-04, 3.9758e-01, 6.0172e-01],\n",
       "       [1.6048e-03, 4.9908e-01, 4.9932e-01]])"
      ]
     },
     "execution_count": 13,
     "metadata": {},
     "output_type": "execute_result"
    }
   ],
   "source": [
    "probabilities"
   ]
  },
  {
   "cell_type": "markdown",
   "metadata": {},
   "source": [
    "## Model coefficients and predicted probabilities\n",
    "\n",
    "Logistic regression uses one-versus-rest for making predictions."
   ]
  },
  {
   "cell_type": "markdown",
   "metadata": {},
   "source": [
    "### We have three different intercepts"
   ]
  },
  {
   "cell_type": "code",
   "execution_count": 14,
   "metadata": {},
   "outputs": [
    {
     "name": "stdout",
     "output_type": "stream",
     "text": [
      "[-1.1617 -0.678  -3.0766]\n"
     ]
    }
   ],
   "source": [
    "print(model.intercept_) "
   ]
  },
  {
   "cell_type": "markdown",
   "metadata": {},
   "source": [
    "### We have three sets of four model coefficients"
   ]
  },
  {
   "cell_type": "code",
   "execution_count": 15,
   "metadata": {},
   "outputs": [
    {
     "name": "stdout",
     "output_type": "stream",
     "text": [
      "[[-0.8434  1.3726 -1.6561 -1.5728]\n",
      " [ 0.1395 -1.2669  0.8366 -0.6358]\n",
      " [ 0.0208 -0.0588  1.3181  2.2726]]\n"
     ]
    }
   ],
   "source": [
    "print(model.coef_                                                       )"
   ]
  },
  {
   "cell_type": "markdown",
   "metadata": {},
   "source": [
    "### We have a probability for being in any of the three classes"
   ]
  },
  {
   "cell_type": "code",
   "execution_count": 16,
   "metadata": {},
   "outputs": [
    {
     "name": "stdout",
     "output_type": "stream",
     "text": [
      "[[9.1267e-01 8.6801e-02 5.2659e-04]\n",
      " [7.6924e-01 2.3028e-01 4.8245e-04]\n",
      " [8.4786e-01 1.5167e-01 4.6865e-04]\n",
      " [8.0636e-01 1.9311e-01 5.2732e-04]\n",
      " [9.3220e-01 6.7269e-02 5.2795e-04]\n",
      " [9.6616e-01 3.2588e-02 1.2530e-03]\n",
      " [9.0471e-01 9.4576e-02 7.1468e-04]\n",
      " [8.8772e-01 1.1172e-01 5.5997e-04]\n",
      " [7.4604e-01 2.5350e-01 4.6489e-04]\n",
      " [7.8917e-01 2.1045e-01 3.8061e-04]]\n"
     ]
    }
   ],
   "source": [
    "print(model.predict_proba(X)[:10]) "
   ]
  },
  {
   "cell_type": "markdown",
   "metadata": {},
   "source": [
    "### Along each row, the predictions sum up to one"
   ]
  },
  {
   "cell_type": "code",
   "execution_count": 17,
   "metadata": {},
   "outputs": [
    {
     "data": {
      "text/plain": [
       "array([0, 0, 0, 0, 0, 0, 0, 0, 0, 0])"
      ]
     },
     "execution_count": 17,
     "metadata": {},
     "output_type": "execute_result"
    }
   ],
   "source": [
    "model.predict(X)[:10]"
   ]
  },
  {
   "cell_type": "code",
   "execution_count": 18,
   "metadata": {},
   "outputs": [
    {
     "name": "stdout",
     "output_type": "stream",
     "text": [
      "[1. 1. 1. 1. 1. 1. 1. 1. 1. 1.]\n"
     ]
    }
   ],
   "source": [
    "print(model.predict_proba(X)[:10].sum(axis=1))"
   ]
  },
  {
   "cell_type": "markdown",
   "metadata": {},
   "source": [
    "## Check results by fitting one-versus-rest explicitly"
   ]
  },
  {
   "cell_type": "markdown",
   "metadata": {},
   "source": [
    "The three sets of coefficients arise by considering the binary classification problem of being or not being in one of the three classes. This approach is **called one-versus-rest**.\n",
    "\n",
    "Let's check that it leads to the same results.\n",
    "\n",
    "To be able to treat the multi-class problem, we use [`label_binarize`](http://scikit-learn.org/stable/modules/generated/sklearn.preprocessing.label_binarize.html#sklearn.preprocessing.label_binarize) to transform the outcome variable.\n",
    "\n",
    "[Sklearn Precision-recall for multiple classes](http://scikit-learn.org/stable/auto_examples/model_selection/plot_precision_recall.html)"
   ]
  },
  {
   "cell_type": "code",
   "execution_count": 19,
   "metadata": {},
   "outputs": [],
   "source": [
    "from sklearn.preprocessing import label_binarize"
   ]
  },
  {
   "cell_type": "markdown",
   "metadata": {},
   "source": [
    "### Label binarize the target"
   ]
  },
  {
   "cell_type": "code",
   "execution_count": 20,
   "metadata": {},
   "outputs": [
    {
     "data": {
      "text/plain": [
       "array([[1, 0, 0],\n",
       "       [1, 0, 0],\n",
       "       [1, 0, 0],\n",
       "       [1, 0, 0],\n",
       "       [1, 0, 0],\n",
       "       [1, 0, 0],\n",
       "       [1, 0, 0],\n",
       "       [1, 0, 0],\n",
       "       [1, 0, 0],\n",
       "       [1, 0, 0]])"
      ]
     },
     "execution_count": 20,
     "metadata": {},
     "output_type": "execute_result"
    }
   ],
   "source": [
    "# returns an array with three columns indicating being or not being in class 1, 2 or 3\n",
    "y_bin = label_binarize(y, model.classes_)\n",
    "y_bin[:10]"
   ]
  },
  {
   "cell_type": "code",
   "execution_count": 21,
   "metadata": {},
   "outputs": [
    {
     "data": {
      "text/plain": [
       "array([0, 1, 2])"
      ]
     },
     "execution_count": 21,
     "metadata": {},
     "output_type": "execute_result"
    }
   ],
   "source": [
    "model.classes_"
   ]
  },
  {
   "cell_type": "markdown",
   "metadata": {},
   "source": [
    "### Fit each of the classes one-versus-rest"
   ]
  },
  {
   "cell_type": "code",
   "execution_count": 22,
   "metadata": {
    "scrolled": true
   },
   "outputs": [
    {
     "name": "stdout",
     "output_type": "stream",
     "text": [
      "[[-0.8434  1.3726 -1.6561 -1.5728]]\n",
      "The coefficients agree with the multiclass prediction:\n",
      "True\n",
      "\n",
      "[[ 0.1395 -1.2669  0.8366 -0.6358]]\n",
      "The coefficients agree with the multiclass prediction:\n",
      "True\n",
      "\n",
      "[[ 0.0208 -0.0588  1.3181  2.2726]]\n",
      "The coefficients agree with the multiclass prediction:\n",
      "True\n",
      "\n"
     ]
    }
   ],
   "source": [
    "model_class = {}\n",
    "for i in model.classes_:\n",
    "    model_class[i] = LogisticRegression(solver='liblinear')\n",
    "    model_class[i].fit(X, y_bin[:, i])\n",
    "    print(model_class[i].coef_)\n",
    "    print('The coefficients agree with the multiclass prediction:')\n",
    "    print(np.allclose(model_class[i].coef_, model.coef_[i, :]))\n",
    "    print()"
   ]
  },
  {
   "cell_type": "code",
   "execution_count": null,
   "metadata": {},
   "outputs": [],
   "source": [
    "[[-0.8434  1.3726 -1.6561 -1.5728]\n",
    " [ 0.1395 -1.2669  0.8366 -0.6358]\n",
    " [ 0.0208 -0.0588  1.3181  2.2726]"
   ]
  },
  {
   "cell_type": "code",
   "execution_count": 23,
   "metadata": {},
   "outputs": [
    {
     "data": {
      "text/plain": [
       "array([[-0.8434,  1.3726, -1.6561, -1.5728]])"
      ]
     },
     "execution_count": 23,
     "metadata": {},
     "output_type": "execute_result"
    }
   ],
   "source": [
    "model_class[0].coef_"
   ]
  },
  {
   "cell_type": "markdown",
   "metadata": {},
   "source": [
    "## Accuracy score, confusion matrix and classification report"
   ]
  },
  {
   "cell_type": "markdown",
   "metadata": {},
   "source": [
    "### Default model score (accuracy)"
   ]
  },
  {
   "cell_type": "code",
   "execution_count": 24,
   "metadata": {},
   "outputs": [
    {
     "name": "stdout",
     "output_type": "stream",
     "text": [
      "0.9384615384615385\n"
     ]
    }
   ],
   "source": [
    "# sklearn model\n",
    "print(model.score(X, y))"
   ]
  },
  {
   "cell_type": "code",
   "execution_count": 25,
   "metadata": {},
   "outputs": [
    {
     "name": "stdout",
     "output_type": "stream",
     "text": [
      "0.9384615384615385\n"
     ]
    }
   ],
   "source": [
    "# accuracy from comparison of true and predicted values\n",
    "print(metrics.accuracy_score(y, predictions))"
   ]
  },
  {
   "cell_type": "markdown",
   "metadata": {},
   "source": [
    "### Confusion matrix\n",
    "\n",
    "The argument `labels` fixes the order of the labels."
   ]
  },
  {
   "cell_type": "code",
   "execution_count": 26,
   "metadata": {},
   "outputs": [
    {
     "name": "stdout",
     "output_type": "stream",
     "text": [
      "[[50  0  0]\n",
      " [ 0 46  4]\n",
      " [ 0  4 26]]\n"
     ]
    }
   ],
   "source": [
    "confusion_matrix = metrics.confusion_matrix(y, predictions, labels=[0, 1, 2])\n",
    "print(confusion_matrix)\n",
    "#50个预测准确\n",
    "#4个应该是Class1但是被认定为2\n",
    "#4个应该是2但是被认定为了1     "
   ]
  },
  {
   "cell_type": "markdown",
   "metadata": {},
   "source": [
    "### Classification report"
   ]
  },
  {
   "cell_type": "code",
   "execution_count": 27,
   "metadata": {},
   "outputs": [
    {
     "name": "stdout",
     "output_type": "stream",
     "text": [
      "              precision    recall  f1-score   support\n",
      "\n",
      "           0       1.00      1.00      1.00        50\n",
      "           1       0.92      0.92      0.92        50\n",
      "           2       0.87      0.87      0.87        30\n",
      "\n",
      "   micro avg       0.94      0.94      0.94       130\n",
      "   macro avg       0.93      0.93      0.93       130\n",
      "weighted avg       0.94      0.94      0.94       130\n",
      "\n"
     ]
    }
   ],
   "source": [
    "print(metrics.classification_report(y, predictions))"
   ]
  },
  {
   "cell_type": "markdown",
   "metadata": {},
   "source": [
    "## Precision scores"
   ]
  },
  {
   "cell_type": "markdown",
   "metadata": {},
   "source": [
    "The precision can be calculated using the function `precision_score` from sklearn's metrics-module. With the `average`-argument, we can specify what kind of precision value we want to calculate. The default `binary` works only for two-class problems. In our case with three classes, we have to adjust this argument."
   ]
  },
  {
   "cell_type": "code",
   "execution_count": 28,
   "metadata": {},
   "outputs": [],
   "source": [
    "# Running this command would complain with \n",
    "# \"Target is multiclass but average='binary'.\"\n",
    "\n",
    "#metrics.precision_score(y, predictions)"
   ]
  },
  {
   "cell_type": "markdown",
   "metadata": {},
   "source": [
    "The three precision scores in the classification report are obtained if one considers one of the three classes and considers the number of true and false predictions for that class. "
   ]
  },
  {
   "cell_type": "markdown",
   "metadata": {},
   "source": [
    "### Scores without averaging\n",
    "\n",
    "Here we set `average=None`."
   ]
  },
  {
   "cell_type": "code",
   "execution_count": 29,
   "metadata": {},
   "outputs": [
    {
     "data": {
      "text/plain": [
       "[1.0, 0.92, 0.8666666666666667]"
      ]
     },
     "execution_count": 29,
     "metadata": {},
     "output_type": "execute_result"
    }
   ],
   "source": [
    "# by hand\n",
    "[confusion_matrix[i, i]/confusion_matrix[:, i].sum()\n",
    " for i in range(len(confusion_matrix))]"
   ]
  },
  {
   "cell_type": "code",
   "execution_count": 30,
   "metadata": {},
   "outputs": [
    {
     "name": "stdout",
     "output_type": "stream",
     "text": [
      "[1.     0.92   0.8667]\n"
     ]
    }
   ],
   "source": [
    "# with sklearn\n",
    "precision_scores = metrics.precision_score(y, predictions, average=None)\n",
    "print(precision_scores)"
   ]
  },
  {
   "cell_type": "markdown",
   "metadata": {},
   "source": [
    "### The macro average"
   ]
  },
  {
   "cell_type": "markdown",
   "metadata": {},
   "source": [
    "The **macro average** takes the mean of these three precision scores"
   ]
  },
  {
   "cell_type": "code",
   "execution_count": 31,
   "metadata": {},
   "outputs": [
    {
     "name": "stdout",
     "output_type": "stream",
     "text": [
      "0.9288888888888889\n"
     ]
    }
   ],
   "source": [
    "# by hand\n",
    "print(precision_scores.mean())"
   ]
  },
  {
   "cell_type": "code",
   "execution_count": 32,
   "metadata": {},
   "outputs": [
    {
     "name": "stdout",
     "output_type": "stream",
     "text": [
      "0.9288888888888889\n"
     ]
    }
   ],
   "source": [
    "# with sklearn\n",
    "print(metrics.precision_score(y, predictions, average='macro'))"
   ]
  },
  {
   "cell_type": "markdown",
   "metadata": {},
   "source": [
    "### The micro average"
   ]
  },
  {
   "cell_type": "markdown",
   "metadata": {},
   "source": [
    "The **micro average** sums all true positives and divides \n",
    "by the sum of all true positive and false positives"
   ]
  },
  {
   "cell_type": "code",
   "execution_count": 33,
   "metadata": {},
   "outputs": [
    {
     "data": {
      "text/plain": [
       "0.9384615384615385"
      ]
     },
     "execution_count": 33,
     "metadata": {},
     "output_type": "execute_result"
    }
   ],
   "source": [
    "# by hand\n",
    "np.diag(confusion_matrix).sum()/confusion_matrix.sum()"
   ]
  },
  {
   "cell_type": "code",
   "execution_count": 34,
   "metadata": {},
   "outputs": [
    {
     "name": "stdout",
     "output_type": "stream",
     "text": [
      "0.9384615384615385\n"
     ]
    }
   ],
   "source": [
    "# with sklearn\n",
    "print(metrics.precision_score(y, predictions, average='micro'))"
   ]
  },
  {
   "cell_type": "markdown",
   "metadata": {},
   "source": [
    "### The weighted average"
   ]
  },
  {
   "cell_type": "markdown",
   "metadata": {},
   "source": [
    "The **weighted average** takes the mean of the three precision scores \n",
    "weighted by their frequency. This is the number displayed in the classification report as the average precision score."
   ]
  },
  {
   "cell_type": "code",
   "execution_count": 35,
   "metadata": {},
   "outputs": [
    {
     "name": "stdout",
     "output_type": "stream",
     "text": [
      "0.9384615384615385\n"
     ]
    }
   ],
   "source": [
    "# by hand\n",
    "weights = np.array([50, 50, 30])\n",
    "print(1./len(y)*np.dot(weights, precision_scores))"
   ]
  },
  {
   "cell_type": "code",
   "execution_count": 36,
   "metadata": {},
   "outputs": [
    {
     "name": "stdout",
     "output_type": "stream",
     "text": [
      "0.9384615384615385\n"
     ]
    }
   ],
   "source": [
    "# with sklearn\n",
    "print(metrics.precision_score(y, predictions, average='weighted'))"
   ]
  },
  {
   "cell_type": "markdown",
   "metadata": {},
   "source": [
    "### Summary"
   ]
  },
  {
   "cell_type": "code",
   "execution_count": 37,
   "metadata": {},
   "outputs": [
    {
     "name": "stdout",
     "output_type": "stream",
     "text": [
      "[1.     0.92   0.8667]\n",
      "0.9288888888888889\n",
      "0.9384615384615385\n",
      "0.9384615384615385\n"
     ]
    }
   ],
   "source": [
    "print(metrics.precision_score(y, predictions, average=None))\n",
    "print(metrics.precision_score(y, predictions, average='macro'))\n",
    "print(metrics.precision_score(y, predictions, average='micro'))\n",
    "print(metrics.precision_score(y, predictions, average='weighted'))"
   ]
  },
  {
   "cell_type": "markdown",
   "metadata": {},
   "source": [
    "## Recall scores\n",
    "\n",
    "The calculations are completely analogous based on recall scores for the individual classes."
   ]
  },
  {
   "cell_type": "code",
   "execution_count": 38,
   "metadata": {},
   "outputs": [
    {
     "name": "stdout",
     "output_type": "stream",
     "text": [
      "[1.     0.92   0.8667]\n",
      "0.9288888888888889\n",
      "0.9384615384615385\n",
      "0.9384615384615385\n"
     ]
    }
   ],
   "source": [
    "print(metrics.recall_score(y, predictions, average=None))\n",
    "print(metrics.recall_score(y, predictions, average='macro'))\n",
    "print(metrics.recall_score(y, predictions, average='micro'))\n",
    "print(metrics.recall_score(y, predictions, average='weighted'))"
   ]
  },
  {
   "cell_type": "markdown",
   "metadata": {},
   "source": [
    "## F1 scores\n",
    "\n",
    "The calculations are completely analogous based on F1 scores for the individual classes."
   ]
  },
  {
   "cell_type": "code",
   "execution_count": 39,
   "metadata": {},
   "outputs": [
    {
     "name": "stdout",
     "output_type": "stream",
     "text": [
      "[1.     0.92   0.8667]\n",
      "0.9288888888888889\n",
      "0.9384615384615385\n",
      "0.9384615384615385\n"
     ]
    }
   ],
   "source": [
    "print(metrics.f1_score(y, predictions, average=None))\n",
    "print(metrics.f1_score(y, predictions, average='macro'))\n",
    "print(metrics.f1_score(y, predictions, average='micro'))\n",
    "print(metrics.f1_score(y, predictions, average='weighted'))"
   ]
  },
  {
   "cell_type": "markdown",
   "metadata": {},
   "source": [
    "## Precision-Recall Plot"
   ]
  },
  {
   "cell_type": "markdown",
   "metadata": {},
   "source": [
    "It would be straight-forward to create a plotting function for precision-recall curves of each class versus all the other\n",
    "[Sklearn precision-recall plot for multiple classes](http://scikit-learn.org/stable/auto_examples/model_selection/plot_precision_recall.html).\n",
    "\n",
